OrPu = [235,110,0;
235,111,2;
235,112,4;
236,113,6;
236,114,7;
236,115,9;
237,116,11;
237,117,13;
237,118,15;
237,119,17;
238,120,19;
238,121,21;
238,122,22;
238,123,24;
239,124,26;
239,125,28;
239,126,30;
239,127,32;
240,128,34;
240,129,35;
240,130,37;
241,131,39;
241,132,41;
241,133,43;
241,134,45;
242,135,47;
242,136,49;
242,137,50;
242,138,52;
243,139,54;
243,140,56;
243,141,58;
243,142,60;
244,143,62;
244,144,63;
244,145,65;
245,146,67;
245,147,69;
245,148,71;
245,149,73;
246,150,75;
246,151,77;
246,152,78;
246,153,80;
247,154,82;
247,155,84;
247,156,86;
247,157,88;
248,158,90;
248,159,91;
248,160,93;
249,161,95;
249,162,97;
249,163,99;
249,164,101;
250,165,103;
250,166,105;
250,167,106;
250,168,108;
251,169,110;
251,170,112;
251,171,114;
251,172,116;
252,173,118;
252,174,120;
252,175,122;
252,177,124;
252,178,126;
252,179,128;
252,180,130;
252,182,132;
252,183,134;
252,184,137;
252,185,139;
252,186,141;
252,188,143;
252,189,145;
252,190,147;
252,191,149;
252,193,152;
252,194,154;
252,195,156;
252,196,158;
252,197,160;
252,199,162;
252,200,164;
252,201,166;
252,202,169;
252,204,171;
252,205,173;
252,206,175;
252,207,177;
252,208,179;
252,210,181;
252,211,184;
252,212,186;
252,213,188;
252,215,190;
252,216,192;
252,217,194;
252,218,196;
252,219,198;
252,221,201;
252,222,203;
252,223,205;
252,224,207;
252,226,209;
252,227,211;
252,228,213;
252,229,216;
252,230,218;
252,232,220;
252,233,222;
252,234,224;
252,235,226;
252,237,228;
252,238,230;
252,239,233;
252,240,235;
252,242,237;
252,243,239;
252,244,241;
252,245,243;
252,246,245;
252,248,248;
252,249,250;
252,250,252;
252,251,254;
251,251,255;
250,250,255;
249,248,255;
248,247,255;
246,245,255;
245,244,255;
244,242,255;
243,240,255;
242,239,255;
240,237,255;
239,236,254;
238,234,254;
237,233,254;
235,231,254;
234,230,254;
233,228,254;
232,227,254;
230,225,254;
229,224,254;
228,222,254;
227,221,254;
226,219,254;
224,218,254;
223,216,254;
222,214,254;
221,213,254;
219,211,254;
218,210,254;
217,208,254;
216,207,254;
215,205,254;
213,204,253;
212,202,253;
211,201,253;
210,199,253;
208,198,253;
207,196,253;
206,195,253;
205,193,253;
204,192,253;
202,190,253;
201,189,253;
200,187,253;
199,185,253;
197,184,253;
196,182,253;
195,181,253;
194,179,253;
193,178,253;
191,176,253;
190,175,253;
189,173,253;
188,172,252;
186,170,252;
185,169,252;
184,167,252;
183,166,252;
182,164,252;
180,163,252;
179,161,252;
178,160,252;
177,158,252;
175,156,252;
174,155,252;
173,153,252;
172,150,252;
171,148,252;
170,145,252;
169,143,252;
168,141,252;
167,138,252;
167,136,252;
166,133,252;
165,131,252;
164,128,252;
163,126,252;
162,124,252;
161,121,252;
160,119,252;
159,116,252;
158,114,252;
157,112,252;
156,109,252;
155,107,252;
154,104,252;
153,102,252;
152,99,252;
151,97,252;
150,95,252;
150,92,252;
149,90,252;
148,87,252;
147,85,252;
146,82,252;
145,80,252;
144,78,252;
143,75,252;
142,73,252;
141,70,252;
140,68,252;
139,65,252;
138,63,252;
137,61,252;
136,58,252;
135,56,252;
134,53,252;
133,51,252;
133,48,252;
132,46,252;
131,44,252;
130,41,252;
129,39,252;
128,36,252;
127,34,252;
126,32,252;
125,29,252;
124,27,252;
123,24,252;
122,22,252;
121,19,252;
120,17,252;
119,15,252;
118,12,252;
117,10,252;
116,7,252;
115,5,252;
115,2,252;
114,0,252]